- Jet Lab

- Experiment date = 2021-11-11 17:45:07
- Number of samples in measure = 100
- Number of motor steps between measures = 9
- Measures count = 120

- adc12bit
836
834
831
831
828
827
826
825
830
826
829
827
826
827
824
825
827
828
824
830
827
824
825
830
829
830
827
827
829
823
826
829
826
829
830
825
829
829
831
832
828
827
831
828
823
827
830
832
828
830
825
832
833
954
1105
1131
1132
1126
1120
1135
1149
1125
1131
1131
1144
1134
1142
1148
1122
1131
1115
1059
859
831
832
830
824
826
827
835
834
830
827
826
829
832
836
835
833
832
828
823
827
830
825
827
831
826
825
824
824
829
828
825
830
822
826
826
825
826
824
826
824
827
827
827
831
827
827
830
