- Jet Lab

- Experiment date = 2021-11-11 17:48:04
- Number of samples in measure = 100
- Number of motor steps between measures = 9
- Measures count = 120

- adc12bit
834
838
836
835
830
836
827
828
822
830
827
823
826
825
824
828
824
821
826
827
826
828
834
835
834
837
833
835
827
822
827
826
824
827
825
825
821
825
822
824
825
821
820
826
820
821
820
824
823
878
1007
1237
1663
2017
2451
2968
3151
3383
3404
3342
3413
3377
3378
3498
3332
3446
3367
3287
3255
2999
2333
1466
905
832
820
829
826
823
825
829
825
834
831
831
833
830
829
837
825
828
826
828
832
832
829
829
826
828
829
830
829
827
827
828
831
830
830
827
826
825
828
834
830
826
826
829
825
825
827
824
