- Jet Lab

- Experiment date = 2021-11-11 17:51:19
- Number of samples in measure = 100
- Number of motor steps between measures = 9
- Measures count = 120

- adc12bit
833
839
833
835
834
835
826
826
827
829
825
829
824
825
826
826
826
828
824
827
824
820
825
824
823
824
825
823
820
823
823
820
825
830
822
825
825
823
823
826
820
824
820
823
834
857
883
980
1025
1146
1297
1311
1680
1921
1995
2620
2784
3098
3232
3246
3476
3396
3291
3397
3474
3248
3252
3046
2791
2370
2328
1716
1389
1008
1062
952
838
860
857
843
825
825
827
825
823
826
831
825
823
827
827
831
831
827
826
830
824
827
828
828
830
828
832
829
827
825
825
827
829
830
831
835
835
833
833
830
825
826
831
830
