- Jet Lab

- Experiment date = 2021-11-11 17:54:07
- Number of samples in measure = 100
- Number of motor steps between measures = 9
- Measures count = 120

- adc12bit
828
834
831
831
828
831
828
829
829
831
830
825
823
824
823
828
827
824
825
826
827
826
826
826
823
830
830
823
824
825
822
821
826
829
823
825
820
827
832
823
840
843
853
954
984
963
1124
1143
1274
1232
1573
1591
1843
2283
2561
2834
2994
3119
3359
3274
3226
3230
3188
3014
2878
2767
2581
2170
2028
1702
1575
1324
1201
1177
971
915
939
924
925
920
868
836
838
839
843
835
838
828
829
827
828
828
828
827
825
827
824
829
830
828
828
831
827
825
832
833
829
829
829
828
830
829
827
829
832
829
827
831
831
830
