- Jet Lab

- Experiment date = 2021-11-11 17:56:08
- Number of samples in measure = 100
- Number of motor steps between measures = 9
- Measures count = 120

- adc12bit
830
835
828
830
830
830
830
831
826
834
824
830
830
824
826
829
827
828
827
827
829
826
826
829
836
837
835
834
835
832
831
829
824
824
827
824
833
821
822
827
825
836
872
887
958
956
1064
1020
1102
1247
1250
1474
1563
1681
2045
2039
2282
2494
2643
2666
3019
2812
2919
2836
2699
2683
2262
2350
2018
1935
1733
1588
1559
1234
1337
1214
1206
1080
1062
951
905
909
924
931
863
878
864
846
830
845
846
827
828
829
829
828
823
829
839
833
827
827
829
830
829
828
824
829
828
823
824
826
823
827
828
827
826
825
828
830
