- Jet Lab

- Experiment date = 2021-11-11 18:00:01
- Number of samples in measure = 100
- Number of motor steps between measures = 9
- Measures count = 120

- adc12bit
836
836
836
840
834
826
829
827
827
827
828
829
824
829
826
828
828
828
828
829
824
825
827
827
822
826
826
829
826
825
821
830
828
823
855
822
825
825
844
849
859
924
886
963
1023
1042
1201
1206
1218
1310
1484
1571
1858
1813
1890
2027
2156
2349
2569
2518
2420
2521
2531
2416
2370
2270
2034
1997
1880
1679
1698
1629
1581
1336
1348
1162
1174
1056
982
971
1008
950
917
860
907
884
897
847
868
834
831
839
831
829
828
824
826
824
830
826
825
831
828
827
830
829
824
827
825
827
830
833
828
825
828
835
834
827
825
827
