- Jet Lab

- Experiment date = 2021-11-11 18:02:20
- Number of samples in measure = 100
- Number of motor steps between measures = 9
- Measures count = 120

- adc12bit
831
836
834
834
832
831
829
827
828
829
832
836
831
825
827
832
829
825
827
826
826
826
827
825
826
830
832
824
827
826
829
829
830
832
829
844
853
835
848
859
920
903
923
970
1057
1051
1032
1123
1116
1217
1395
1235
1268
1635
1617
1621
1797
1953
1891
2069
2145
2191
2214
2113
2143
2179
2122
2010
1893
1813
1698
1761
1522
1537
1347
1436
1284
1245
1206
1306
1097
1089
1020
995
1026
960
908
893
887
856
889
870
853
858
857
845
827
839
828
831
829
846
827
827
824
826
827
832
831
831
833
829
824
825
832
832
833
831
833
828
