- Jet Lab

- Experiment date = 2021-11-11 18:04:22
- Number of samples in measure = 100
- Number of motor steps between measures = 9
- Measures count = 120

- adc12bit
838
840
836
838
831
832
831
837
833
827
824
830
830
830
828
827
829
828
824
828
828
829
826
825
831
832
836
839
833
836
834
831
827
824
834
838
918
847
876
844
866
916
896
842
958
1036
1017
1022
1005
1109
1134
1113
1302
1280
1465
1363
1471
1424
1524
1690
1789
1718
1858
1881
1819
2011
1897
1964
1935
1993
1671
1827
1693
1597
1429
1456
1394
1381
1266
1252
1158
1124
1115
1111
1088
1023
984
994
913
931
899
907
878
926
853
863
907
843
843
851
842
846
824
841
824
832
833
834
828
826
825
830
826
823
829
826
822
826
828
829
