- Jet Lab

- Experiment date = 2021-11-11 17:04:25
- Number of samples in measure = 1
- Number of motor steps between measures = 0
- Measures count = 500

- adc12bit
825
812
823
821
810
808
816
825
816
822
820
822
828
821
813
818
834
822
819
811
824
823
821
823
812
833
825
817
818
812
828
825
823
824
812
820
821
821
820
819
809
817
820
818
809
814
820
815
807
806
818
826
818
808
820
824
817
824
829
824
826
814
820
827
824
829
815
812
823
827
820
812
824
823
822
817
828
822
814
827
822
813
825
824
826
814
814
812
811
823
823
827
815
811
830
822
827
826
816
813
826
823
822
829
823
812
823
811
817
807
819
824
821
810
820
824
831
816
827
827
813
821
820
826
824
824
830
812
829
825
812
823
822
819
831
830
819
832
825
818
823
819
824
823
813
826
813
809
815
816
812
822
813
818
819
821
822
820
817
830
827
812
827
819
808
830
819
817
822
819
811
826
824
822
819
811
820
826
819
808
822
826
812
823
820
813
822
819
819
827
818
821
815
817
820
818
809
816
817
813
825
825
822
826
823
814
827
825
817
819
828
813
827
823
824
813
827
828
829
826
817
829
823
813
826
824
818
827
823
812
823
815
828
823
817
822
824
820
824
828
821
827
816
810
822
818
821
820
817
822
817
807
822
808
821
816
819
821
810
806
824
815
825
824
808
819
817
817
812
820
814
815
806
821
820
807
828
821
816
824
812
814
822
808
823
820
817
819
822
819
819
809
815
819
816
816
803
821
817
814
816
824
810
820
809
820
818
814
821
814
803
827
816
822
822
815
818
817
810
821
814
822
825
818
817
814
810
823
822
813
823
815
826
824
821
832
821
819
828
815
825
821
824
828
830
824
814
824
822
814
828
821
827
828
817
819
824
829
827
819
830
814
823
816
824
818
823
825
823
819
825
817
821
824
820
823
816
823
818
821
821
825
825
818
824
816
824
809
823
824
824
817
822
812
820
821
819
823
823
822
809
828
820
819
824
822
831
816
825
813
810
827
821
825
817
824
826
812
823
816
814
818
820
810
826
822
822
822
821
809
811
821
819
817
810
819
825
823
824
815
820
811
819
829
820
823
812
811
821
824
821
824
814
811
828
824
815
812
832
826
816
829
817
835
824
816
814
812
813
829
825
824
814
811
826
824
827
814
815
829
820
820
820
813
829
824
825
824
821
816
812
829
821
819
813
824
823
819
821
817
