- Jet Lab

- Experiment date = 2021-11-11 17:06:56
- Number of samples in measure = 1
- Number of motor steps between measures = 0
- Measures count = 500

- adc12bit
1180
1181
1168
1187
1171
1188
1188
1192
1195
1191
1191
1187
1178
1197
1190
1184
1191
1191
1184
1194
1191
1186
1180
1193
1180
1173
1184
1186
1189
1190
1195
1192
1181
1176
1188
1189
1187
1196
1193
1180
1191
1176
1189
1181
1185
1189
1190
1190
1199
1193
1180
1203
1195
1199
1200
1182
1199
1197
1184
1188
1198
1183
1193
1192
1185
1184
1191
1187
1175
1190
1190
1179
1189
1174
1169
1184
1183
1180
1191
1193
1187
1188
1193
1182
1191
1190
1187
1196
1178
1199
1178
1196
1191
1178
1196
1189
1187
1187
1190
1179
1189
1196
1188
1194
1191
1195
1196
1197
1185
1196
1199
1185
1189
1193
1182
1178
1193
1191
1188
1197
1194
1184
1194
1196
1180
1193
1188
1185
1183
1191
1176
1183
1183
1168
1180
1181
1184
1188
1187
1174
1182
1182
1168
1187
1176
1165
1183
1180
1171
1165
1183
1167
1182
1183
1185
1169
1179
1172
1174
1181
1174
1166
1175
1182
1178
1162
1182
1168
1180
1177
1166
1172
1169
1173
1172
1184
1166
1169
1169
1173
1159
1173
1165
1170
1175
1172
1155
1169
1172
1172
1172
1166
1180
1160
1166
1175
1176
1179
1180
1163
1184
1171
1177
1177
1180
1183
1183
1175
1171
1171
1180
1164
1184
1177
1176
1165
1175
1180
1171
1179
1168
1170
1184
1167
1175
1176
1179
1182
1175
1164
1177
1181
1180
1180
1168
1179
1173
1183
1186
1172
1184
1187
1170
1166
1180
1169
1171
1179
1172
1178
1185
1164
1176
1174
1166
1182
1177
1177
1178
1183
1180
1185
1182
1180
1180
1175
1184
1175
1173
1183
1178
1168
1170
1185
1181
1190
1193
1186
1175
1171
1192
1192
1180
1193
1192
1180
1182
1190
1181
1188
1195
1191
1178
1196
1196
1190
1198
1195
1191
1196
1194
1193
1181
1203
1205
1200
1206
1196
1188
1200
1201
1200
1199
1208
1191
1198
1207
1200
1206
1211
1214
1206
1199
1208
1204
1208
1211
1196
1197
1208
1208
1207
1209
1203
1208
1205
1196
1204
1191
1207
1208
1211
1200
1192
1194
1207
1204
1203
1196
1200
1195
1208
1209
1193
1193
1200
1204
1203
1201
1203
1208
1211
1204
1195
1209
1198
1203
1202
1203
1209
1204
1209
1202
1192
1203
1209
1204
1196
1194
1191
1210
1208
1203
1207
1196
1195
1210
1195
1197
1208
1206
1207
1191
1195
1188
1203
1201
1189
1196
1185
1198
1187
1204
1185
1187
1183
1198
1199
1187
1203
1198
1203
1199
1196
1184
1195
1196
1202
1184
1203
1191
1195
1183
1191
1197
1189
1187
1197
1179
1197
1180
1187
1193
1192
1181
1195
1185
1188
1179
1193
1180
1198
1185
1189
1179
1180
1196
1192
1179
1185
1180
1191
1188
1180
1191
1194
1194
1184
1188
1178
1188
1193
1194
1192
1184
1192
1177
1191
1174
1191
1191
1185
1179
1189
1195
1194
1192
1187
1191
1192
1176
1179
1192
1173
1185
1189
1175
1195
1187
1192
1192
1195
1184
1176
1181
1176
1186
1176
1183
1190
